     0/499    0.499G    0.1345   0.01531   0.04848    0.1983       103       320 0.0002099  0.006173 6.257e-06 8.808e-07    0.1336    0.0168   0.04788
     1/499     1.03G    0.1314   0.01515   0.04564    0.1922        97       320 0.0003797  0.009259 1.789e-05 2.515e-06    0.1312   0.01666   0.04506
     2/499     1.03G    0.1283   0.01566   0.04307     0.187        73       320 0.0007849    0.0108 4.593e-05 6.234e-06    0.1287    0.0168   0.04237
     3/499     1.03G     0.125   0.01547   0.04102    0.1815        96       320  0.001346   0.02238 0.0001631 2.239e-05     0.126   0.01724   0.03994
     4/499     1.03G    0.1213   0.01638   0.03838    0.1761        86       320  0.002163    0.0216 0.0002925 3.882e-05    0.1231   0.01793   0.03777
     5/499     1.03G    0.1192   0.01699   0.03645    0.1727       110       320  0.002772   0.02392  0.000417 5.751e-05    0.1205   0.01873   0.03586
     6/499     1.03G     0.117   0.01805   0.03476    0.1698       112       320  0.002936   0.02855 0.0004596 6.977e-05    0.1181   0.01951   0.03421
     7/499     1.03G    0.1153   0.01753   0.03289    0.1657        94       320   0.00384   0.02315 0.0005859 8.864e-05    0.1158   0.02034    0.0328
     8/499     1.03G    0.1139   0.01853   0.03175    0.1642        89       320  0.003756   0.01389  0.000555 8.591e-05    0.1138     0.021   0.03158
     9/499     1.03G    0.1117   0.01778   0.03181    0.1613        75       320  0.003473   0.01466 0.0005497  8.39e-05    0.1123   0.02158   0.03057
    10/499     1.03G    0.1105   0.01888    0.0306    0.1599       100       320  0.003192   0.01929 0.0005653 8.708e-05    0.1106   0.02221    0.0297
    11/499     1.03G    0.1089   0.01935   0.03006    0.1583        87       320  0.003429   0.01852 0.0006402 0.0001042    0.1089   0.02285   0.02896
    12/499     1.03G    0.1075   0.02065   0.02879    0.1569       118       320  0.003425   0.01698  0.000706 0.0001057    0.1076   0.02337   0.02832
    13/499     1.03G    0.1068   0.02058   0.02756    0.1549        90       320  0.003774   0.02778 0.0009279 0.0001226    0.1056   0.02403   0.02773
    14/499     1.03G    0.1053   0.02027   0.02798    0.1535       101       320   0.00427   0.02932  0.001218 0.0001815    0.1039   0.02461   0.02719
    15/499     1.03G    0.1039   0.02193   0.02656    0.1524       102       320  0.004566   0.03086  0.001362 0.0001953    0.1027   0.02497   0.02673
    16/499     1.03G    0.1022   0.02156   0.02797    0.1517       105       320  0.004937   0.02469  0.001442 0.0002202    0.1013   0.02537   0.02633
    17/499     1.03G    0.1014   0.02032   0.02608    0.1478       125       320  0.005036   0.03241  0.001732  0.000313   0.09951   0.02586   0.02596
    18/499     1.03G   0.09901   0.02166   0.02689    0.1476       110       320  0.005475   0.03472  0.002089 0.0003426   0.09801   0.02628   0.02565
    19/499     1.03G   0.09864   0.02242   0.02563    0.1467        89       320  0.005714   0.06404  0.002719 0.0004724   0.09632   0.02665   0.02535
    20/499     1.03G   0.09626    0.0222   0.02544    0.1439        92       320  0.006637   0.05556  0.003102 0.0005474   0.09486   0.02701   0.02508
    21/499     1.03G    0.0942   0.02303   0.02413    0.1414       119       320  0.007457    0.0679  0.003949 0.0007051   0.09356    0.0273   0.02484
    22/499     1.03G   0.09369     0.022   0.02479    0.1405        95       320  0.008658    0.0625  0.004502 0.0008219   0.09212   0.02752   0.02462
    23/499     1.03G   0.09268   0.02349   0.02446    0.1406       109       320   0.01072   0.06481  0.005735  0.001126   0.09053   0.02784   0.02441
    24/499     1.03G   0.09172   0.02358   0.02334    0.1386       105       320   0.01224   0.07793  0.006984  0.001397   0.08928   0.02802   0.02424
    25/499     1.03G   0.09176   0.02356   0.02444    0.1398       107       320   0.01467   0.07948  0.008816   0.00179   0.08817   0.02815   0.02407
    26/499     1.03G   0.08922   0.02477   0.02412    0.1381       125       320   0.02052   0.05401   0.01125  0.002391   0.08694   0.02825   0.02391
    27/499     1.03G   0.08755   0.02325   0.02363    0.1344        95       320   0.02561   0.04707   0.01198  0.002595   0.08584   0.02837   0.02376
    28/499     1.03G   0.08613   0.02432   0.02423    0.1347       118       320   0.02481   0.06944    0.0152  0.003482   0.08527   0.02839   0.02359
    29/499     1.03G   0.08553   0.02351   0.02368    0.1327       108       320   0.03015   0.05787   0.01679  0.004065   0.08437   0.02831   0.02343
    30/499     1.03G   0.08469   0.02357   0.02403    0.1323        90       320   0.03408   0.06077   0.01942  0.004715   0.08363   0.02832   0.02327
    31/499     1.03G   0.08432   0.02233   0.02346    0.1301        81       320   0.03967    0.0679   0.02496  0.006373   0.08239   0.02846   0.02314
    32/499     1.03G   0.08335   0.02387   0.02342    0.1306        93       320   0.04471   0.07948     0.031  0.007609    0.0815   0.02852   0.02302
    33/499     1.03G   0.08358   0.02413   0.02399    0.1317        91       320   0.04329   0.08102   0.03165  0.008249   0.08074    0.0285   0.02289
    34/499     1.03G   0.08106   0.02398   0.02362    0.1287       120       320    0.2991   0.08951   0.03596   0.01024   0.08006   0.02839   0.02279
    35/499     1.03G   0.08068   0.02406    0.0229    0.1276       101       320    0.2978   0.09028   0.03936   0.01043   0.07948   0.02831   0.02265
    36/499     1.03G   0.08002   0.02346    0.0222    0.1257        87       320    0.5534   0.08256   0.04068   0.01027   0.07923   0.02823   0.02252
    37/499     1.03G   0.07793   0.02342   0.02229    0.1237        88       320    0.8179   0.08488     0.051   0.01417    0.0778   0.02815   0.02237
    38/499     1.03G    0.0786   0.02342   0.02161    0.1236        96       320    0.8125    0.1037   0.05544   0.01609   0.07712   0.02801   0.02223
    39/499     1.03G   0.07793    0.0237    0.0234     0.125        87       320    0.8197    0.1096   0.05971   0.01877   0.07696   0.02779   0.02209
    40/499     1.03G   0.07655   0.02302    0.0223    0.1219        97       320     0.811    0.1235   0.05694   0.01582   0.07637   0.02765   0.02196
    41/499     1.03G   0.07575   0.02316    0.0228    0.1217        97       320    0.8231     0.115   0.06841   0.01978   0.07622   0.02745   0.02179
    42/499     1.03G   0.07557   0.02354   0.02104    0.1201       108       320    0.8263    0.1289   0.06985   0.02194   0.07504   0.02719   0.02165
    43/499     1.03G   0.07584   0.02357   0.02196    0.1214       135       320    0.8298    0.1327   0.07219    0.0212   0.07517   0.02687   0.02154
    44/499     1.03G   0.07406   0.02214   0.02215    0.1184        98       320    0.8426    0.1497   0.08841   0.02982   0.07331   0.02673   0.02142
    45/499     1.03G   0.07441   0.02195   0.02134    0.1177        97       320    0.8517    0.1412   0.09553   0.03038   0.07407   0.02636   0.02126
    46/499     1.03G   0.07458   0.02386   0.02152      0.12       131       320    0.8528    0.1551    0.1066   0.03441   0.07349   0.02611   0.02108
    47/499     1.03G   0.07304   0.02127   0.02121    0.1155        83       320    0.8601    0.1574     0.109   0.04176   0.07353   0.02578   0.02093
    48/499     1.03G   0.07338      0.02   0.02101    0.1144        90       320    0.8725    0.1528    0.1132   0.04023   0.07191   0.02569   0.02075
    49/499     1.03G   0.07224    0.0205   0.02026     0.113        75       320    0.8653    0.1443    0.1066   0.03111   0.07413   0.02523   0.02057
    50/499     1.03G   0.07205   0.02106   0.02171    0.1148       111       320    0.8694    0.1682    0.1246   0.04045   0.07108   0.02528   0.02042
    51/499     1.03G   0.07389   0.02159   0.02178    0.1173        99       320    0.8661     0.159    0.1217   0.04298   0.07144   0.02487   0.02027
    52/499     1.03G   0.07201   0.02023   0.02001    0.1122        89       320    0.8627    0.1898    0.1358   0.05145   0.07093   0.02457   0.02013
    53/499     1.03G   0.07132   0.01999   0.02014    0.1115       106       320    0.8649    0.1867    0.1357   0.05186   0.06932   0.02447   0.01995
    54/499     1.03G   0.06995   0.01997   0.02019    0.1101        77       320    0.8782    0.1744    0.1474   0.05535   0.06924   0.02419   0.01975
    55/499     1.03G   0.07113   0.02023   0.01967     0.111       102       320    0.8793    0.1806    0.1532   0.05873   0.06981   0.02384   0.01959
    56/499     1.03G   0.06924   0.01969   0.01816    0.1071       114       320    0.8761    0.1752    0.1483   0.05382   0.06991   0.02358   0.01944
    57/499     1.03G    0.0685   0.01957   0.01922    0.1073        91       320    0.8698    0.1944    0.1495   0.05558   0.06888   0.02342   0.01927
    58/499     1.03G   0.06897   0.01946   0.01873    0.1072       103       320    0.8757    0.1904    0.1551    0.0593    0.0682   0.02317   0.01909
    59/499     1.03G   0.07002   0.01959   0.01883    0.1084        84       320    0.8826    0.1806    0.1571   0.05961    0.0683    0.0229    0.0189
    60/499     1.03G   0.07039   0.02022   0.02005    0.1107       113       320    0.8705    0.1931    0.1541   0.05722    0.0681   0.02269   0.01874
    61/499     1.03G   0.06803   0.01919   0.01836    0.1056        97       320    0.8914     0.189    0.1728   0.06876   0.06581   0.02266   0.01857
    62/499     1.03G   0.06955   0.01868   0.01897    0.1072        92       320    0.8894    0.1782    0.1639   0.06012   0.06656   0.02245   0.01836
    63/499     1.03G   0.06889   0.01795   0.01832    0.1052        78       320    0.9097    0.1612    0.1712   0.06574   0.06527   0.02236   0.01817
    64/499     1.03G   0.06449   0.01862   0.01764    0.1008        76       320    0.8954    0.1782    0.1695   0.06378   0.06576   0.02216   0.01798
    65/499     1.03G     0.066   0.01798   0.01764    0.1016       102       320    0.9191    0.1667     0.181   0.07463   0.06489   0.02211   0.01777
    66/499     1.03G    0.0679   0.01773   0.01727    0.1029       108       320    0.9065    0.1713    0.1761   0.06945   0.06562   0.02194   0.01764
    67/499     1.03G   0.06584   0.01797   0.01881    0.1026       100       320     0.911    0.1689    0.1829   0.07497   0.06476   0.02194   0.01745
    68/499     1.03G   0.06609   0.01884   0.01805     0.103       110       320    0.9046    0.1836    0.1844   0.07093    0.0654   0.02184   0.01725
    69/499     1.03G   0.06584    0.0178   0.01677    0.1004        85       320    0.8944    0.1782    0.1729   0.06177   0.06648   0.02169   0.01704
    70/499     1.03G     0.066   0.01773   0.01775    0.1015       103       320    0.9048    0.1836    0.1951   0.07793   0.06326   0.02167   0.01687
    71/499     1.03G   0.07008   0.01802   0.01752    0.1056       103       320    0.8816    0.1579    0.1601   0.04368   0.07653   0.02096   0.01676
    72/499     1.03G   0.07804   0.01766   0.01816    0.1139       160       320     0.913    0.1559    0.1861   0.06424   0.06968   0.02131   0.01665
    73/499     1.03G   0.06933   0.01797   0.01692    0.1042       104       320     0.905    0.1573    0.1896   0.05778   0.07339    0.0211   0.01655
    74/499     1.03G    0.0722   0.01736   0.01713    0.1067        98       320    0.8996    0.1759    0.2064   0.07041     0.065   0.02163   0.01644
    75/499     1.03G   0.07023   0.01741   0.01617    0.1038        92       320    0.8807    0.1744    0.1877   0.06105   0.07122   0.02123   0.01635
    76/499     1.03G   0.06943    0.0184   0.01724    0.1051        75       320    0.9076    0.1856    0.2222   0.08872   0.06528   0.02162   0.01624
    77/499     1.03G   0.06875   0.01772   0.01669    0.1031       108       320    0.8561    0.1712    0.1604   0.04043   0.06717    0.0215   0.01612
    78/499     1.03G     0.069   0.01751    0.0165     0.103        93       320    0.9274    0.1736    0.2293   0.09095   0.06356   0.02159   0.01598
    79/499     1.03G    0.0659   0.01709   0.01675   0.09974       121       320    0.9228    0.1674    0.2169   0.07963   0.06438   0.02152    0.0159
    80/499     1.03G   0.06681   0.01813    0.0158    0.1007        87       320     0.922    0.1806    0.2292   0.08114   0.06263   0.02163   0.01577
    81/499     1.03G   0.06809   0.01658   0.01646    0.1011       112       320    0.8858    0.1697    0.1904   0.05407   0.06659   0.02125   0.01565
    82/499     1.03G   0.06971   0.01839   0.01701    0.1051       105       320    0.9224    0.1651    0.2076   0.06336   0.06598    0.0212   0.01549
    83/499     1.03G   0.06851   0.01746   0.01615    0.1021        97       320    0.8834    0.1698    0.1801   0.04519   0.07306   0.02082   0.01541
    84/499     1.03G   0.07368   0.01792    0.0159    0.1075       113       320    0.9081    0.1667    0.2137   0.06737   0.06501    0.0213   0.01529
    85/499     1.03G   0.06649   0.01672   0.01656   0.09976        74       320    0.9274    0.1682    0.2283   0.08091   0.06166    0.0215    0.0152
    86/499     1.03G   0.06449   0.01888   0.01541   0.09878        99       320    0.1927    0.2985    0.2211   0.06695   0.06602    0.0212   0.01505
    87/499     1.03G   0.06513    0.0173   0.01684   0.09926        82       320     0.159    0.3331    0.2304   0.07906   0.06228   0.02139   0.01493
    88/499     1.03G   0.06478    0.0174   0.01482   0.09699       100       320    0.1547    0.3454    0.2272   0.08299   0.06191   0.02125   0.01474
    89/499     1.03G   0.06496   0.01793   0.01533   0.09821        90       320    0.9321     0.182    0.2402   0.09646   0.06001    0.0212   0.01461
    90/499     1.03G   0.06347   0.01668   0.01566   0.09582        78       320    0.1746    0.3454    0.2323   0.08343   0.06086   0.02102   0.01443
    91/499     1.03G   0.06337   0.01678    0.0149   0.09504        89       320    0.1699     0.337    0.2402   0.08406   0.06131   0.02087   0.01434
    92/499     1.03G   0.06168   0.01746   0.01556    0.0947        89       320    0.1837    0.3286    0.2426    0.0905   0.06069   0.02082   0.01424
    93/499     1.03G    0.0619   0.01748    0.0148   0.09418       113       320    0.1584    0.3427    0.2339   0.07136   0.06029   0.02083   0.01414
    94/499     1.03G   0.06636   0.01629   0.01498   0.09763       109       320    0.2003    0.3319    0.2523   0.09726   0.06156   0.02065   0.01402
    95/499     1.03G   0.06245   0.01755    0.0148    0.0948       103       320    0.2036    0.3236    0.2323   0.08153   0.06021   0.02065   0.01391
    96/499     1.03G   0.06126    0.0163   0.01508   0.09264        88       320    0.1928     0.338    0.2581     0.102    0.0592    0.0205   0.01376
    97/499     1.03G   0.06302    0.0168   0.01358    0.0934        91       320    0.1841    0.3291    0.2392   0.08413   0.06315   0.02029   0.01365
    98/499     1.03G   0.06221    0.0166   0.01387   0.09268        87       320    0.1899    0.3526    0.2633    0.1052   0.05776   0.02041   0.01351
    99/499     1.03G   0.06052   0.01723   0.01399   0.09174       105       320    0.1885    0.3502    0.2627    0.1052   0.06047   0.02022   0.01338
   100/499     1.03G   0.06199   0.01712   0.01396   0.09307       101       320    0.2096    0.3346    0.2672    0.1086   0.05812   0.02035   0.01327
   101/499     1.03G   0.06154   0.01615   0.01459   0.09228       105       320    0.1937    0.3437    0.2665    0.1089   0.06064   0.02025   0.01315
   102/499     1.03G   0.06123   0.01696   0.01389   0.09208        94       320    0.2247    0.3332    0.2743    0.1147   0.05603    0.0204   0.01305
   103/499     1.03G   0.06018   0.01642   0.01389   0.09049       116       320    0.2014    0.3257    0.2564    0.0894   0.05917   0.02034   0.01297
   104/499     1.03G   0.06105   0.01633   0.01398   0.09137       101       320    0.8281    0.2403    0.2752    0.1108   0.05732   0.02038    0.0129
   105/499     1.03G   0.05888   0.01633   0.01227   0.08748        81       320    0.2214    0.3277    0.2727    0.1088   0.05872   0.02028   0.01283
   106/499     1.03G   0.06115   0.01601   0.01337   0.09053       108       320    0.2258    0.3353    0.2788    0.1154   0.05615   0.02028   0.01269
   107/499     1.03G   0.06198   0.01517   0.01361   0.09076       104       320    0.5155    0.3076    0.2721    0.1048   0.05698   0.01993   0.01263
   108/499     1.03G   0.06209   0.01637    0.0129   0.09136        76       320    0.2374    0.3244     0.279    0.1089   0.05735   0.01987   0.01251
   109/499     1.03G   0.05976   0.01706   0.01331   0.09014       105       320    0.5007    0.3168    0.2736    0.1074   0.05672   0.01993   0.01244
   110/499     1.03G   0.05869   0.01663   0.01302   0.08835       110       320    0.2402    0.3314    0.2841     0.113   0.05491    0.0202   0.01232
   111/499     1.03G   0.05736   0.01637   0.01347    0.0872       111       320    0.1993    0.3421     0.273    0.1098   0.05516   0.02005   0.01224
   112/499     1.03G   0.05753   0.01579   0.01304   0.08636        81       320    0.2109    0.3647    0.2979    0.1287   0.05485   0.01978   0.01211
   113/499     1.03G   0.06046   0.01554   0.01252   0.08852        93       320    0.2499    0.3322    0.2876    0.1093   0.06032   0.01948   0.01203
   114/499     1.03G   0.06095   0.01548   0.01292   0.08934        88       320    0.4985    0.3278    0.2893    0.1181   0.05552   0.01948     0.012
   115/499     1.03G   0.06031   0.01504   0.01159   0.08694       116       320    0.2013    0.3537    0.2673   0.08939   0.05851   0.01935   0.01193
   116/499     1.03G   0.05887   0.01636   0.01191   0.08714       142       320    0.2252    0.3682    0.2967    0.1241   0.05324   0.01967   0.01186
   117/499     1.03G   0.05552   0.01704   0.01325   0.08581       103       320    0.1941    0.3962    0.2949    0.1147   0.05385   0.01994   0.01176
   118/499     1.03G   0.05593   0.01709   0.01332   0.08634       120       320    0.2197    0.3712    0.3072    0.1298    0.0544   0.01989   0.01165
   119/499     1.03G   0.05707   0.01646    0.0121   0.08563        98       320    0.2121    0.3722     0.299    0.1174   0.05416   0.01963   0.01161
   120/499     1.03G   0.05809    0.0153    0.0124   0.08579        85       320    0.2282    0.3671    0.2986    0.1181   0.05555   0.01922    0.0115
   121/499     1.03G   0.05669    0.0165   0.01265   0.08583       101       320    0.2425     0.371    0.3129    0.1294   0.05208    0.0192   0.01148
   122/499     1.03G   0.05615   0.01622   0.01384   0.08621       134       320    0.2378    0.3696     0.313    0.1296   0.05321   0.01902    0.0114
   123/499     1.03G   0.05482   0.01492   0.01152   0.08126        90       320    0.2531    0.3722    0.3239    0.1326   0.05311   0.01892   0.01136
   124/499     1.03G   0.05698   0.01545   0.01145   0.08388        99       320    0.2393    0.3729    0.3174    0.1338   0.05278   0.01871   0.01131
   125/499     1.03G   0.05582   0.01544    0.0126   0.08385       106       320    0.2753    0.3644    0.3233    0.1362   0.05263   0.01852   0.01127
   126/499     1.03G   0.05802   0.01597   0.01174   0.08574       100       320    0.2794    0.3668     0.317    0.1303    0.0516   0.01851   0.01118
   127/499     1.03G   0.05478   0.01549   0.01146   0.08173       107       320    0.2569    0.3663    0.3111     0.132   0.05128   0.01841   0.01115
   128/499     1.03G   0.05379    0.0164   0.01132   0.08151        80       320    0.2487    0.3728    0.3095    0.1249   0.05071   0.01838   0.01102
   129/499     1.03G   0.05603   0.01492   0.01133   0.08227       114       320    0.2412    0.3754    0.3124    0.1285   0.05525   0.01808   0.01098
   130/499     1.03G   0.06058   0.01445   0.01127    0.0863       109       320    0.2927     0.395    0.3335    0.1398   0.05082   0.01819   0.01093
   131/499     1.03G   0.05479   0.01533   0.01178   0.08189       134       320    0.2641    0.4228     0.316    0.1227    0.0506   0.01813   0.01093
   132/499     1.03G   0.05308   0.01481  0.009837   0.07773        85       320    0.3526    0.4023    0.3455    0.1333   0.05181   0.01807   0.01083
   133/499     1.03G   0.05313   0.01603   0.01137   0.08054        95       320    0.3163    0.4249    0.3588    0.1538   0.05013   0.01809   0.01078
   134/499     1.03G   0.05231   0.01529   0.01104   0.07865       115       320    0.3395    0.4238    0.3527    0.1435   0.05009   0.01793    0.0107
   135/499     1.03G   0.05479   0.01501   0.01026   0.08005        87       320    0.3263    0.4404    0.3599    0.1503   0.05114   0.01786   0.01065
   136/499     1.03G    0.0532   0.01458   0.01095   0.07872        65       320    0.3355    0.4339    0.3564    0.1451   0.05049   0.01785    0.0106
   137/499     1.03G   0.05686   0.01591   0.01144   0.08421       108       320    0.3423     0.435    0.3636     0.147   0.05039   0.01787   0.01055
   138/499     1.03G   0.05366   0.01454   0.01082   0.07902        96       320    0.3308    0.4473    0.3763    0.1585   0.04909   0.01796   0.01049
   139/499     1.03G   0.05235    0.0149   0.01002   0.07727        83       320    0.2391    0.4848    0.3211    0.1262   0.04952   0.01784   0.01046
   140/499     1.03G   0.05304   0.01458   0.01051   0.07813        85       320    0.2989    0.4894    0.3855    0.1677   0.04852   0.01777   0.01044
   141/499     1.03G   0.05253   0.01554   0.01162   0.07969       105       320    0.3447    0.4807    0.3865    0.1528   0.04978   0.01759   0.01037
   142/499     1.03G   0.05403   0.01498   0.01063   0.07964        89       320    0.3578    0.4877    0.3958    0.1758   0.04762   0.01753   0.01031
   143/499     1.03G   0.05161   0.01395  0.009987   0.07555        89       320    0.3582    0.4896    0.3952    0.1661   0.04788   0.01746   0.01029
   144/499     1.03G   0.05217   0.01523   0.01151   0.07891        92       320    0.3766    0.4415    0.3909    0.1584   0.04797   0.01756   0.01026
   145/499     1.03G   0.05111   0.01516   0.01034    0.0766        82       320    0.3306     0.504    0.3917    0.1614   0.04788   0.01766   0.01021
   146/499     1.03G    0.0506   0.01431   0.01113   0.07603        97       320    0.3433    0.4967    0.3948    0.1637   0.04863   0.01728   0.01015
   147/499     1.03G   0.05429   0.01422   0.01011   0.07862        85       320    0.4123    0.4588    0.4036    0.1709   0.04759   0.01724   0.01013
   148/499     1.03G   0.05085   0.01484   0.01037   0.07606       113       320    0.4019    0.4718    0.4121    0.1664   0.04802   0.01717   0.01008
   149/499     1.03G   0.05257   0.01504    0.0111    0.0787       115       320    0.4161    0.4595    0.4153    0.1847   0.04596   0.01721   0.01004
   150/499     1.03G   0.05143    0.0134   0.01041   0.07523        86       320    0.3782    0.4989    0.4159    0.1689   0.04768   0.01719  0.009994
   151/499     1.03G   0.05186   0.01415   0.01059    0.0766        83       320      0.42    0.4361    0.4055    0.1705   0.04806   0.01715  0.009999
   152/499     1.03G   0.05446   0.01369   0.01129   0.07944        73       320    0.3816    0.5049    0.4192    0.1856   0.04643   0.01709  0.009978
   153/499     1.03G   0.04928   0.01423  0.009987   0.07349        97       320    0.3708    0.4971    0.4177    0.1755   0.04779   0.01705  0.009969
   154/499     1.03G    0.0508   0.01439  0.009453   0.07464        91       320    0.3862    0.5004    0.4162    0.1739   0.04708   0.01711  0.009925
   155/499     1.03G   0.05133   0.01448    0.0101   0.07592        97       320    0.4131    0.4955    0.4368    0.1905   0.04521   0.01704  0.009923
   156/499     1.03G   0.04941   0.01511      0.01   0.07452       149       320     0.383    0.5218    0.4218    0.1713   0.04631   0.01704  0.009897
   157/499     1.03G   0.05167   0.01372    0.0108   0.07619        83       320    0.3824    0.5157    0.4236    0.1815   0.04599   0.01679  0.009855
   158/499     1.03G   0.04947   0.01358   0.01042   0.07347        92       320     0.407    0.5193    0.4249    0.1718   0.04646   0.01669  0.009777
   159/499     1.03G   0.04983   0.01407   0.01033   0.07423        90       320     0.397    0.5163    0.4257    0.1783   0.04685   0.01658  0.009747
   160/499     1.03G    0.0494   0.01391  0.009422   0.07273        85       320    0.3726    0.5209    0.4269    0.1701   0.04668   0.01661  0.009685
   161/499     1.03G   0.05028   0.01413  0.009925   0.07434        90       320    0.3787    0.5274    0.4329    0.1828   0.04559    0.0165  0.009688
   162/499     1.03G   0.04925    0.0129   0.01018   0.07233        94       320    0.4128    0.5338    0.4589    0.1936   0.04467   0.01645  0.009698
   163/499     1.03G   0.04903   0.01453   0.01053   0.07409        92       320    0.3969    0.5348    0.4443    0.1923   0.04479   0.01646  0.009711
   164/499     1.03G   0.04804   0.01344   0.01036   0.07184       113       320    0.4209    0.5342    0.4537    0.1925   0.04451   0.01634  0.009685
   165/499     1.03G   0.04919   0.01373   0.01024   0.07317       117       320    0.4087    0.5408    0.4455    0.1862    0.0455   0.01635  0.009644
   166/499     1.03G   0.04758   0.01395   0.01021   0.07175       118       320    0.4003    0.5374    0.4468    0.1899   0.04378   0.01628  0.009599
   167/499     1.03G   0.04655   0.01365  0.009222   0.06941        86       320    0.4125    0.5324    0.4504    0.1963   0.04402   0.01626  0.009557
   168/499     1.03G    0.0469   0.01377  0.009297   0.06997        87       320    0.4302    0.5438    0.4643    0.2033   0.04356   0.01635  0.009529
   169/499     1.03G    0.0488   0.01374   0.00951   0.07205       133       320    0.4036    0.5488    0.4483    0.1768   0.04589    0.0162  0.009515
   170/499     1.03G     0.048   0.01309  0.009445   0.07054        92       320    0.4666    0.5239    0.4598    0.2006   0.04416    0.0162  0.009487
   171/499     1.03G   0.04628   0.01421  0.009412    0.0699       137       320     0.426    0.5247    0.4407    0.1933   0.04395   0.01614  0.009457
   172/499     1.03G   0.04783   0.01389  0.009918   0.07164        90       320    0.4737       0.5    0.4605    0.2053   0.04363   0.01625  0.009396
   173/499     1.03G   0.04766   0.01349    0.0104   0.07155        95       320      0.43    0.5505    0.4601    0.2084   0.04348   0.01628  0.009359
   174/499     1.03G   0.04861   0.01357  0.009651   0.07183        99       320    0.4379    0.5578    0.4644    0.2112   0.04271   0.01616  0.009322
   175/499     1.03G    0.0458   0.01409  0.009881   0.06976        82       320    0.4057    0.5515    0.4553    0.1997   0.04426   0.01621  0.009303
   176/499     1.03G   0.04882   0.01311  0.009944   0.07188       102       320    0.4492      0.54    0.4744    0.2146   0.04283   0.01599  0.009273
   177/499     1.03G   0.04765   0.01443   0.01005   0.07213        96       320    0.4458    0.5461    0.4788    0.2148   0.04276   0.01599  0.009271
   178/499     1.03G   0.04475   0.01364  0.009963   0.06835        91       320    0.4691    0.5297    0.4769    0.2015   0.04288   0.01604  0.009252
   179/499     1.03G    0.0471   0.01437  0.008598   0.07007       147       320       0.5    0.5203    0.4837    0.2194   0.04275   0.01593  0.009233
   180/499     1.03G   0.04664   0.01286  0.009279   0.06877        81       320    0.4733    0.5428     0.476    0.1992   0.04439   0.01582   0.00916
   181/499     1.03G   0.04789   0.01356  0.009342   0.07079       100       320    0.4917    0.5594    0.4894    0.2193   0.04297   0.01578  0.009152
   182/499     1.03G   0.04728   0.01342   0.00941   0.07011       104       320    0.5132    0.5376    0.4845    0.2214   0.04245   0.01579  0.009084
   183/499     1.03G    0.0467   0.01276  0.009357   0.06882       107       320    0.4854    0.5515     0.483    0.2127   0.04223   0.01582  0.009059
   184/499     1.03G   0.04555     0.013   0.01007   0.06862       112       320    0.4823    0.5522    0.4875    0.2154   0.04416   0.01576  0.009034
   185/499     1.03G   0.04628   0.01308  0.009209   0.06857        99       320    0.4905    0.5517    0.4916    0.2145   0.04275   0.01563  0.009022
   186/499     1.03G   0.04677   0.01354   0.01042   0.07073        82       320    0.5097     0.539    0.4908    0.2094   0.04274   0.01567  0.008986
   187/499     1.03G   0.04444   0.01364  0.008672   0.06675       109       320    0.5002    0.5531    0.4915    0.2212   0.04204   0.01557  0.008984
   188/499     1.03G   0.04696   0.01312  0.009287   0.06936       103       320    0.5148    0.5488    0.4936    0.2299   0.04226   0.01554  0.008946
   189/499     1.03G   0.04465   0.01236  0.008764   0.06577        78       320    0.5525    0.5233    0.4954    0.2228   0.04227   0.01554  0.008901
   190/499     1.03G   0.04649   0.01254  0.009238   0.06827       118       320    0.5312     0.531    0.4922    0.2306   0.04162   0.01551  0.008856
   191/499     1.03G   0.04783    0.0127  0.009869    0.0704        86       320    0.5277    0.5317    0.4913     0.211   0.04407   0.01548  0.008828
   192/499     1.03G   0.04756   0.01249  0.008577   0.06862       103       320    0.5067    0.5651    0.5051    0.2237   0.04161   0.01551  0.008799
   193/499     1.03G   0.04577   0.01243  0.008799     0.067       101       320    0.5204    0.5529    0.5097    0.2318   0.04224    0.0155  0.008777
   194/499     1.03G   0.04503   0.01368  0.009236   0.06794        91       320    0.4988    0.5626    0.5147    0.2347   0.04178   0.01546  0.008757
   195/499     1.03G    0.0446   0.01348   0.01012   0.06821       106       320    0.5066    0.5522    0.5084    0.2316   0.04133   0.01544   0.00874
   196/499     1.03G   0.04604   0.01238  0.009591   0.06801       123       320    0.5368    0.5498    0.5092     0.237    0.0414   0.01537  0.008705
   197/499     1.03G   0.04577    0.0135  0.008751   0.06802       130       320    0.5554    0.5543     0.519    0.2347   0.04191   0.01543  0.008693
   198/499     1.03G   0.04412    0.0125  0.009434   0.06605        89       320      0.58    0.5341     0.523    0.2405   0.04128   0.01545  0.008659
   199/499     1.03G   0.04453   0.01332  0.008296   0.06614       123       320    0.5735    0.5384    0.5283    0.2418   0.04094   0.01542  0.008634
   200/499     1.03G   0.04423   0.01272   0.00871   0.06567       100       320    0.5535    0.5485     0.526    0.2372    0.0414    0.0154  0.008578
   201/499     1.03G   0.04442   0.01241  0.009352   0.06618       103       320    0.5885    0.5307    0.5261    0.2405   0.04116   0.01535  0.008571
   202/499     1.03G   0.04196   0.01219  0.009716   0.06386        77       320    0.5744     0.531    0.5198      0.23   0.04195   0.01526  0.008565
   203/499     1.03G   0.04401   0.01328  0.008046   0.06533        89       320    0.6045    0.5265    0.5252    0.2334   0.04276   0.01532  0.008531
   204/499     1.03G   0.04562   0.01236  0.009073   0.06705        94       320    0.5968    0.5415    0.5333    0.2365   0.04086   0.01528  0.008479
   205/499     1.03G   0.04696   0.01236   0.00932   0.06864       108       320    0.6057    0.5436    0.5363    0.2379   0.04128   0.01521   0.00847
   206/499     1.03G   0.04731   0.01293  0.008794   0.06904       121       320    0.5918      0.56    0.5447    0.2506   0.04036   0.01524  0.008442
   207/499     1.03G    0.0425   0.01254  0.008199   0.06324        77       320    0.5815    0.5644    0.5426    0.2476    0.0405   0.01517  0.008454
   208/499     1.03G   0.04174   0.01254  0.009719     0.064        88       320    0.5563    0.5693    0.5379    0.2422   0.04115   0.01522  0.008424
   209/499     1.03G    0.0466   0.01265  0.008503   0.06775       109       320    0.5709     0.555    0.5376    0.2435   0.04075   0.01519  0.008383
   210/499     1.03G   0.04295   0.01295  0.008063   0.06397        80       320    0.5775    0.5434    0.5397    0.2502   0.04076   0.01519  0.008382
   211/499     1.03G    0.0433   0.01197  0.007501   0.06277        87       320    0.6259    0.5318    0.5455    0.2493   0.04072   0.01508  0.008384
   212/499     1.03G   0.04439   0.01415  0.009164    0.0677        97       320    0.6103    0.5345    0.5437    0.2563   0.04084   0.01507   0.00834
   213/499     1.03G   0.04443   0.01241  0.008597   0.06544        90       320     0.637    0.5313    0.5493    0.2559   0.03993   0.01498  0.008329
   214/499     1.03G   0.04468   0.01249  0.008729    0.0659       113       320    0.6137    0.5403    0.5504    0.2615   0.03978    0.0149  0.008327
   215/499     1.03G   0.04289   0.01275  0.008258    0.0639        90       320    0.5987    0.5627    0.5585    0.2617   0.04017   0.01487   0.00829
   216/499     1.03G   0.04363    0.0131  0.008158   0.06489        96       320    0.6267    0.5507     0.569    0.2687   0.03927   0.01484   0.00828
   217/499     1.03G   0.04452   0.01289  0.008992    0.0664       100       320    0.6412     0.538     0.564    0.2657   0.04012   0.01478  0.008245
   218/499     1.03G   0.04244   0.01234  0.008379   0.06316        91       320     0.628    0.5487    0.5711     0.264   0.03978   0.01488  0.008196
   219/499     1.03G   0.04249    0.0125  0.008128   0.06312        98       320    0.6374    0.5473    0.5713    0.2699    0.0391   0.01486  0.008161
   220/499     1.03G   0.04181   0.01355  0.008157   0.06352       118       320    0.6327    0.5625    0.5773    0.2734   0.04021   0.01489   0.00814
   221/499     1.03G    0.0418    0.0132  0.008579   0.06357        96       320    0.6389    0.5696    0.5881    0.2761   0.03923   0.01489  0.008121
   222/499     1.03G   0.04387    0.0127  0.008629   0.06519        77       320    0.6602    0.5652    0.5862     0.274   0.03896   0.01479  0.008086
   223/499     1.03G   0.04109   0.01238  0.008661   0.06213        85       320    0.6704     0.559    0.5825    0.2752   0.03896   0.01474  0.008042
   224/499     1.03G   0.04264   0.01293  0.007758   0.06333       121       320    0.6169    0.5685    0.5731      0.27   0.03883   0.01472  0.008003
   225/499     1.03G   0.04256   0.01206  0.008228   0.06285        98       320    0.6121    0.5654    0.5724    0.2672   0.03948   0.01472  0.007943
   226/499     1.03G   0.04149    0.0125  0.008045   0.06203       114       320    0.6575    0.5565    0.5741    0.2741   0.03868   0.01467   0.00791
   227/499     1.03G   0.04321   0.01262  0.007244   0.06308       108       320    0.6743    0.5487    0.5796    0.2647   0.04001   0.01467   0.00789
   228/499     1.03G   0.04483   0.01196  0.007897   0.06469       106       320    0.6514    0.5645    0.5767    0.2629   0.03976   0.01463  0.007853
   229/499     1.03G   0.04388   0.01271  0.007899   0.06449       114       320    0.6135    0.5932    0.5854    0.2672   0.03953   0.01464  0.007856
   230/499     1.03G   0.04132   0.01195  0.008065   0.06133       114       320    0.6809     0.573    0.5908    0.2761   0.03906   0.01472  0.007818
   231/499     1.03G    0.0425   0.01242  0.007919   0.06284        96       320    0.6309      0.59     0.596    0.2725   0.03979   0.01469  0.007766
   232/499     1.03G   0.04587    0.0118  0.008753   0.06641        90       320    0.6459    0.5716    0.5956    0.2747   0.03937   0.01474  0.007705
   233/499     1.03G   0.04272   0.01256   0.00818   0.06346       121       320    0.6785    0.5454    0.5898    0.2712   0.03924   0.01479  0.007689
   234/499     1.03G   0.04344   0.01278  0.008512   0.06473        92       320    0.6024    0.6131    0.5995      0.28   0.03904   0.01479  0.007618
   235/499     1.03G   0.04258   0.01215  0.007871   0.06261        95       320    0.6558     0.591    0.6016    0.2696   0.03995   0.01472  0.007622
   236/499     1.03G     0.044   0.01323  0.008527   0.06577       117       320    0.6542    0.6059    0.5998     0.277   0.03866   0.01467  0.007621
   237/499     1.03G   0.04176   0.01172  0.008084   0.06157       109       320    0.6613    0.5995    0.5998    0.2783   0.03872   0.01466  0.007618
   238/499     1.03G   0.04059   0.01239  0.006545   0.05953        93       320     0.655    0.6006    0.6083    0.2793   0.03891   0.01472  0.007606
   239/499     1.03G   0.04212   0.01325  0.007736   0.06311       158       320    0.6874    0.5798    0.6077     0.281   0.03836   0.01463  0.007599
   240/499     1.03G   0.04158    0.0126  0.007776   0.06196       137       320    0.6721    0.5845    0.6079    0.2846   0.03844   0.01454  0.007561
   241/499     1.03G   0.04169   0.01192  0.008005   0.06162       138       320     0.701    0.5682    0.6076    0.2828   0.03885   0.01452  0.007516
   242/499     1.03G   0.04186   0.01306  0.008626   0.06355       109       320    0.6944    0.5678    0.6074    0.2912   0.03813   0.01451  0.007444
   243/499     1.03G   0.04127   0.01185  0.007581    0.0607        96       320    0.6771    0.5908    0.6153    0.2928   0.03825   0.01458  0.007404
   244/499     1.03G   0.04118    0.0124  0.007759   0.06133        98       320    0.6723    0.6101    0.6261    0.2892   0.03828   0.01453   0.00736
   245/499     1.03G   0.04192   0.01184  0.007885   0.06165        97       320    0.6651    0.6106    0.6228    0.2914   0.03882   0.01447  0.007337
   246/499     1.03G   0.04326   0.01234  0.007081   0.06269       122       320    0.6729    0.6074    0.6211    0.2849   0.03863   0.01446  0.007301
   247/499     1.03G   0.04295   0.01171  0.007687   0.06235        95       320    0.6788    0.5971    0.6174    0.2914   0.03829   0.01451  0.007269
   248/499     1.03G   0.04211    0.0133   0.00742   0.06283       106       320     0.711    0.5888     0.619    0.2879   0.03825   0.01447  0.007238
   249/499     1.03G    0.0412   0.01238  0.007789   0.06137       109       320    0.6757    0.6173    0.6251    0.2846    0.0392   0.01454  0.007236
   250/499     1.03G   0.04112   0.01187  0.007754   0.06074        83       320    0.6768    0.6233    0.6293    0.2937   0.03812   0.01451  0.007213
   251/499     1.03G   0.03948   0.01211  0.007239   0.05883        83       320    0.6773    0.6162    0.6253    0.2901   0.03868   0.01449  0.007189
   252/499     1.03G   0.04086   0.01257   0.00804   0.06147       122       320    0.6846    0.6094    0.6254    0.2956    0.0378   0.01453  0.007113
   253/499     1.03G   0.04116   0.01263  0.007331   0.06112       115       320    0.6848    0.6092    0.6319    0.2935   0.03829    0.0145  0.007064
   254/499     1.03G   0.04075   0.01216   0.00845   0.06136        79       320    0.6944    0.6014    0.6329    0.2955   0.03799   0.01451  0.006977
   255/499     1.03G   0.04191    0.0128  0.006768   0.06148       160       320    0.7012    0.5918    0.6329    0.3018   0.03807   0.01451  0.006933
   256/499     1.03G   0.04121    0.0114  0.006946   0.05956        90       320    0.7107     0.587    0.6342    0.3007   0.03782   0.01449  0.006915
   257/499     1.03G   0.04071   0.01209  0.006645   0.05944       109       320    0.6786    0.6111    0.6349    0.3019   0.03784    0.0144    0.0069
   258/499     1.03G   0.03998   0.01231  0.007009    0.0593       100       320    0.7173    0.5935    0.6393    0.2978   0.03762   0.01442  0.006892
   259/499     1.03G   0.04106   0.01226  0.007643   0.06097        87       320    0.6836    0.6172    0.6368    0.2996   0.03767   0.01445  0.006876
   260/499     1.03G   0.03993   0.01251  0.008021   0.06047       101       320    0.7257    0.6028    0.6434    0.3013   0.03732   0.01442  0.006859
   261/499     1.03G   0.03887   0.01221  0.006973   0.05805        98       320    0.7359    0.5966      0.64    0.2934   0.03796   0.01441  0.006827
   262/499     1.03G    0.0397   0.01105  0.006923   0.05767        88       320    0.7395    0.5875    0.6341    0.2946   0.03763   0.01441  0.006769
   263/499     1.03G   0.04162   0.01263  0.007511   0.06177       127       320    0.6945    0.6024    0.6316    0.2924   0.03808   0.01444  0.006764
   264/499     1.03G    0.0413   0.01215  0.006937   0.06039        95       320    0.7224    0.5767    0.6296    0.3056   0.03727   0.01441  0.006696
   265/499     1.03G   0.04289   0.01224  0.007824   0.06296        79       320    0.6746    0.6144    0.6371    0.2879   0.03908   0.01437  0.006664
   266/499     1.03G   0.04213   0.01226  0.006783   0.06117        92       320    0.7383    0.5936    0.6411    0.3039   0.03742   0.01431  0.006636
   267/499     1.03G      0.04   0.01225  0.007947   0.06021        82       320    0.7255    0.5852     0.635    0.3015   0.03723   0.01429  0.006618
   268/499     1.03G    0.0387    0.0122  0.006456   0.05736        98       320    0.7154    0.6145    0.6447    0.3041   0.03725   0.01428  0.006591
   269/499     1.03G   0.04078   0.01258  0.007804   0.06117        94       320     0.718    0.6172    0.6445    0.3053   0.03681   0.01426  0.006538
   270/499     1.03G   0.04141   0.01333  0.007532   0.06227        96       320    0.7318    0.6151    0.6498    0.3057   0.03678   0.01426   0.00648
   271/499     1.03G   0.03983   0.01181  0.006694   0.05833        85       320    0.7639    0.6021    0.6555    0.3056   0.03691   0.01426  0.006463
   272/499     1.03G   0.03986   0.01185  0.007256   0.05897        96       320    0.7489    0.6088    0.6582    0.3133   0.03703   0.01427  0.006431
   273/499     1.03G   0.03987   0.01239  0.007268   0.05954        93       320    0.7631    0.6057    0.6589    0.3106   0.03699    0.0143  0.006391
   274/499     1.03G   0.03952   0.01136  0.007038   0.05792        92       320     0.723    0.6165    0.6562    0.3114   0.03711   0.01426  0.006327
   275/499     1.03G    0.0405   0.01188  0.006999   0.05937       116       320    0.7259    0.6309    0.6627    0.3154   0.03688   0.01426  0.006263
   276/499     1.03G   0.04082   0.01257  0.007286   0.06068        78       320     0.733    0.6273    0.6579    0.3045   0.03698   0.01423  0.006217
   277/499     1.03G    0.0399   0.01173  0.006879    0.0585        83       320    0.7495     0.609      0.66    0.3079   0.03715   0.01425  0.006192
   278/499     1.03G   0.04072   0.01281  0.006729   0.06026        92       320    0.7751    0.6041    0.6671    0.3107   0.03696   0.01437   0.00615
   279/499     1.03G   0.03967   0.01131  0.005896   0.05688       101       320     0.756    0.6283    0.6716    0.3182   0.03664   0.01419  0.006116
   280/499     1.03G   0.04033   0.01221  0.006929   0.05947       111       320    0.7688    0.6208    0.6712    0.3143   0.03678   0.01414  0.006106
   281/499     1.03G   0.03925   0.01225  0.006626   0.05812        70       320    0.7764    0.6062    0.6694    0.3163    0.0366   0.01423  0.006115
   282/499     1.03G   0.03938   0.01194  0.006488   0.05781        88       320    0.7578    0.6138     0.669    0.3176   0.03695    0.0143  0.006096
   283/499     1.03G   0.03926   0.01164  0.006883   0.05778        97       320    0.7439     0.625    0.6684    0.3149   0.03701   0.01426  0.006054
   284/499     1.03G   0.03992   0.01157  0.006298   0.05778       101       320    0.7525    0.6075    0.6584    0.3152   0.03699    0.0142  0.005978
   285/499     1.03G   0.04071   0.01188  0.006618   0.05921       108       320    0.7497    0.6175    0.6636    0.3145   0.03718   0.01419  0.005931
   286/499     1.03G    0.0387   0.01288  0.006177   0.05776       124       320    0.7704    0.6054    0.6643    0.3143   0.03645   0.01424  0.005864
   287/499     1.03G   0.03915   0.01234  0.007315    0.0588        88       320    0.7527    0.6246    0.6714    0.3201   0.03642   0.01427   0.00583
   288/499     1.03G   0.03913   0.01205  0.006719    0.0579       106       320    0.7825    0.6006    0.6654    0.3196   0.03648   0.01416  0.005797
   289/499     1.03G   0.03974   0.01176  0.006203    0.0577        85       320    0.7815    0.5998    0.6624    0.3177   0.03661   0.01409   0.00577
   290/499     1.03G   0.03905   0.01175  0.006195   0.05699       120       320    0.7841    0.6033    0.6677    0.3199    0.0365   0.01414  0.005738
   291/499     1.03G   0.03896   0.01163  0.006846   0.05744        94       320    0.7986    0.6095    0.6793    0.3231   0.03637   0.01417  0.005706
   292/499     1.03G   0.04181   0.01313  0.006529   0.06146       114       320    0.8053    0.6069    0.6775    0.3198   0.03652    0.0142  0.005685
   293/499     1.03G   0.03995   0.01279  0.006487   0.05923       109       320    0.7891    0.6124    0.6792     0.322   0.03674   0.01415  0.005658
   294/499     1.03G    0.0399   0.01182  0.006578    0.0583       102       320    0.7233    0.6526    0.6763    0.3235   0.03665   0.01411  0.005614
   295/499     1.03G   0.03873   0.01143  0.005832   0.05599        95       320    0.7315    0.6642    0.6806    0.3254   0.03708   0.01412  0.005598
   296/499     1.03G   0.03988   0.01141  0.007226   0.05852       105       320    0.7677    0.6387    0.6801     0.322   0.03622    0.0141  0.005558
   297/499     1.03G   0.03843   0.01127  0.006342   0.05604        85       320    0.7296    0.6524    0.6723    0.3199    0.0364   0.01413  0.005537
   298/499     1.03G   0.03862   0.01135  0.006291   0.05626        94       320    0.7599    0.6454    0.6824     0.323   0.03643   0.01412  0.005508
   299/499     1.03G   0.03992   0.01218  0.005994    0.0581       126       320    0.7589    0.6367    0.6785    0.3291   0.03627   0.01406  0.005495
   300/499     1.03G   0.04021   0.01267  0.006112   0.05898        80       320    0.7484    0.6409    0.6788    0.3232   0.03647   0.01414  0.005485
   301/499     1.03G   0.03824   0.01203  0.005755   0.05603        84       320    0.7419    0.6412    0.6825    0.3263   0.03653    0.0141  0.005467
   302/499     1.03G   0.03923   0.01193  0.005319   0.05648        91       320    0.7445    0.6562     0.683    0.3239    0.0366   0.01403   0.00543
   303/499     1.03G   0.03867   0.01138  0.005198   0.05525        94       320    0.7575    0.6589    0.6882    0.3213   0.03688     0.014  0.005404
   304/499     1.03G   0.03916   0.01191  0.006143   0.05722        90       320    0.7933    0.6455    0.6926    0.3297   0.03622   0.01396   0.00538
   305/499     1.03G   0.03994   0.01247  0.005554   0.05796        91       320    0.7814    0.6375    0.6849    0.3237   0.03688   0.01402  0.005309
   306/499     1.03G   0.04046   0.01212  0.005925   0.05851        91       320     0.777    0.6465      0.69    0.3238   0.03621   0.01407  0.005252
   307/499     1.03G   0.03908   0.01155  0.005751   0.05638        87       320    0.7551    0.6472    0.6853    0.3281   0.03645   0.01408  0.005235
   308/499     1.03G   0.03916   0.01166  0.006387    0.0572       104       320    0.7507    0.6445    0.6824    0.3259   0.03613   0.01407  0.005217
   309/499     1.03G   0.03747   0.01144  0.004967   0.05388        86       320    0.7493    0.6407    0.6837    0.3278   0.03611   0.01405  0.005196
   310/499     1.03G   0.03986   0.01212  0.005519   0.05751       111       320      0.75    0.6409     0.679    0.3281   0.03639   0.01401  0.005176
   311/499     1.03G   0.03886   0.01172  0.005769   0.05635        93       320     0.772    0.6442    0.6886    0.3262   0.03629   0.01399  0.005159
   312/499     1.03G   0.03806   0.01113  0.006033   0.05523        96       320    0.7743    0.6567    0.6898    0.3235   0.03628   0.01394  0.005149
   313/499     1.03G   0.03812   0.01188  0.006288   0.05628       109       320    0.7896    0.6458    0.6923    0.3256   0.03605   0.01393  0.005126
   314/499     1.03G   0.03965   0.01214   0.00552    0.0573       102       320    0.7867    0.6454    0.6907    0.3315   0.03599   0.01399  0.005074
   315/499     1.03G   0.03838   0.01141  0.005333   0.05512        78       320    0.7737    0.6514    0.6937    0.3318   0.03596     0.014  0.005056
   316/499     1.03G   0.03953   0.01201  0.006667    0.0582       102       320    0.7875    0.6414    0.6947    0.3367   0.03577   0.01396  0.005021
   317/499     1.03G   0.03861   0.01188  0.005877   0.05637        98       320    0.7774    0.6438     0.694    0.3385   0.03581   0.01398  0.004973
   318/499     1.03G   0.03763   0.01138  0.005276   0.05429        77       320    0.7932    0.6472    0.6987     0.336   0.03613   0.01395  0.004915
   319/499     1.03G   0.03842   0.01148   0.00642   0.05633       105       320    0.7902    0.6511    0.7035    0.3424   0.03563   0.01386   0.00488
   320/499     1.03G   0.03858   0.01101  0.004992   0.05458       117       320    0.8009    0.6412    0.7034    0.3446   0.03571   0.01384  0.004838
   321/499     1.03G   0.03776   0.01083  0.005642   0.05423        91       320    0.7729    0.6629    0.7102    0.3401   0.03571   0.01389  0.004825
   322/499     1.03G   0.03918   0.01186  0.005105   0.05615       107       320      0.76    0.6673     0.709     0.342   0.03555   0.01393  0.004807
   323/499     1.03G   0.03798   0.01151  0.005449   0.05494        85       320    0.7745    0.6547    0.7071    0.3392   0.03561   0.01388  0.004776
   324/499     1.03G   0.03781   0.01147  0.005249   0.05453        96       320    0.7926    0.6456    0.7074     0.336   0.03585   0.01382  0.004767
   325/499     1.03G    0.0393   0.01239   0.00592   0.05762       109       320    0.7883    0.6533    0.7067    0.3358   0.03595   0.01383  0.004754
   326/499     1.03G   0.03731   0.01151  0.005351   0.05417       117       320    0.7763    0.6568    0.7003    0.3408   0.03576   0.01383  0.004748
   327/499     1.03G   0.03746   0.01128  0.005541   0.05429        99       320    0.7748    0.6429    0.6937    0.3378   0.03573   0.01382  0.004749
   328/499     1.03G   0.03858   0.01107  0.005622   0.05527       108       320     0.781    0.6534    0.7051    0.3375    0.0359   0.01373  0.004746
   329/499     1.03G   0.03612   0.01041  0.005757   0.05229       107       320    0.7362    0.6832    0.7036    0.3383   0.03584   0.01368  0.004759
   330/499     1.03G   0.03937   0.01167  0.006516   0.05755        98       320    0.7382    0.6761    0.7041    0.3365   0.03579   0.01372  0.004734
   331/499     1.03G   0.03865   0.01163  0.005201   0.05549        95       320    0.7891    0.6561     0.715    0.3383   0.03558   0.01376  0.004684
   332/499     1.03G   0.03894   0.01141  0.006113   0.05646        88       320     0.768    0.6694    0.7159    0.3465   0.03576   0.01378  0.004649
   333/499     1.03G   0.03727   0.01079  0.005659   0.05372        94       320    0.7665    0.6773    0.7157    0.3495   0.03524   0.01364  0.004644
   334/499     1.03G   0.03899   0.01207   0.00549   0.05654       110       320    0.7805    0.6708    0.7153    0.3493   0.03541   0.01363   0.00461
   335/499     1.03G   0.03802   0.01138  0.005351   0.05475        81       320    0.7912    0.6707    0.7111    0.3491   0.03568   0.01368  0.004583
   336/499     1.03G   0.03811   0.01148  0.005166   0.05476       104       320     0.786    0.6712    0.7145    0.3513   0.03525   0.01364  0.004567
   337/499     1.03G   0.03568   0.01142  0.005387   0.05249       110       320    0.7922    0.6648     0.714    0.3463   0.03525   0.01363  0.004559
   338/499     1.03G   0.03863    0.0114  0.005053   0.05509       112       320    0.7537    0.6718    0.7101    0.3475   0.03503   0.01365  0.004525
   339/499     1.03G   0.03816   0.01152  0.005921    0.0556       122       320    0.7619    0.6692    0.7107    0.3436   0.03502   0.01369  0.004505
   340/499     1.03G   0.03817   0.01182  0.005805    0.0558        79       320    0.7633    0.6782    0.7136    0.3503   0.03504   0.01366  0.004483
   341/499     1.03G   0.03737   0.01141  0.005548   0.05432       102       320    0.7836     0.672     0.715    0.3487   0.03523   0.01365  0.004462
   342/499     1.03G   0.03763   0.01181  0.004974   0.05442        90       320     0.782    0.6666    0.7095    0.3508   0.03506   0.01369  0.004417
   343/499     1.03G   0.03715   0.01146  0.005243   0.05386       122       320    0.7788    0.6642    0.7125    0.3503   0.03513   0.01374  0.004404
   344/499     1.03G   0.03794   0.01213  0.005171   0.05524       113       320    0.7628    0.6687    0.7084    0.3461   0.03514   0.01376  0.004407
   345/499     1.03G   0.03684   0.01142  0.005819   0.05407        99       320    0.7351    0.6794    0.6998    0.3409   0.03502   0.01377  0.004399
   346/499     1.03G   0.03766   0.01027  0.005153   0.05308        99       320    0.7366    0.6772    0.7019    0.3399   0.03514   0.01373   0.00438
   347/499     1.03G   0.03685   0.01115  0.005252   0.05326        80       320    0.7407    0.6867     0.716    0.3505   0.03515   0.01373  0.004343
   348/499     1.03G   0.03838   0.01124  0.005174    0.0548       102       320    0.7204    0.7032    0.7178    0.3544   0.03538   0.01377  0.004327
   349/499     1.03G   0.03806   0.01162  0.005552   0.05523       109       320    0.7483    0.6783    0.7172    0.3514   0.03491   0.01375  0.004312
   350/499     1.03G   0.03728   0.01135  0.005288   0.05392       101       320     0.754    0.6805    0.7137    0.3463   0.03519   0.01377  0.004294
   351/499     1.03G   0.03727   0.01155  0.005173     0.054       127       320    0.7578    0.6806    0.7174    0.3467   0.03547   0.01374  0.004299
   352/499     1.03G   0.03892   0.01229    0.0046   0.05581       110       320    0.7503    0.6783    0.7139    0.3502   0.03556    0.0137  0.004306
   353/499     1.03G   0.03773   0.01162  0.005573   0.05493       108       320    0.7612    0.6786    0.7164     0.349   0.03527   0.01366  0.004302
   354/499     1.03G   0.03848   0.01203  0.005224   0.05574       122       320    0.7681    0.6799    0.7206    0.3483   0.03514   0.01364    0.0043
   355/499     1.03G   0.03677   0.01142  0.004735   0.05293        93       320     0.765    0.6777    0.7133     0.347   0.03498   0.01362  0.004279
   356/499     1.03G   0.03781   0.01143  0.005266    0.0545        84       320    0.7774    0.6747    0.7156    0.3504   0.03499   0.01359  0.004243
   357/499     1.03G   0.03592   0.01113  0.005039   0.05209        97       320    0.7784    0.6716    0.7119    0.3509   0.03474   0.01358  0.004203
   358/499     1.03G    0.0364   0.01125  0.006117   0.05377       103       320    0.7709    0.6749    0.7132    0.3514   0.03477   0.01358  0.004157
   359/499     1.03G   0.03837   0.01181  0.005608   0.05579        97       320    0.7766    0.6701    0.7179    0.3541   0.03488   0.01358  0.004136
   360/499     1.03G   0.03719   0.01113  0.005579    0.0539        80       320     0.763      0.68    0.7141    0.3511   0.03481   0.01359  0.004104
   361/499     1.03G   0.03761   0.01219    0.0046    0.0544        86       320    0.7631    0.6745    0.7137    0.3519   0.03491   0.01359  0.004076
   362/499     1.03G   0.03697   0.01104  0.005217   0.05323        74       320    0.8022    0.6519    0.7123    0.3522   0.03499   0.01356   0.00406
   363/499     1.03G   0.03836   0.01182  0.004585   0.05476        92       320    0.7689    0.6844    0.7173    0.3553   0.03496   0.01355  0.004055
   364/499     1.03G   0.03772   0.01128  0.004839   0.05384        87       320    0.8164    0.6621    0.7181    0.3574   0.03506   0.01355  0.004043
   365/499     1.03G   0.03747   0.01173  0.004464   0.05367        91       320    0.8126    0.6715    0.7222    0.3543    0.0348   0.01354  0.004041
   366/499     1.03G   0.03763   0.01196  0.004616   0.05421        82       320    0.8088    0.6628    0.7206    0.3545   0.03498   0.01355  0.004032
   367/499     1.03G   0.03715   0.01126  0.004483    0.0529        97       320    0.7928    0.6778    0.7233    0.3499   0.03495   0.01356  0.004027
   368/499     1.03G   0.03669   0.01105  0.004362    0.0521        97       320    0.8265    0.6606    0.7222    0.3535   0.03473   0.01352  0.004021
   369/499     1.03G   0.03798   0.01177  0.005201   0.05495        81       320    0.7873    0.6681    0.7123    0.3524   0.03461   0.01351  0.003993
   370/499     1.03G   0.03805   0.01168  0.005076   0.05481        95       320    0.7749    0.6939    0.7269    0.3507   0.03487   0.01356   0.00396
   371/499     1.03G   0.03738   0.01198  0.004246   0.05361        98       320    0.7866    0.6913    0.7294    0.3564    0.0346   0.01354  0.003944
   372/499     1.03G   0.03627   0.01207  0.004597   0.05293       110       320    0.7833    0.6914    0.7284    0.3557   0.03457    0.0135   0.00392
   373/499     1.03G    0.0371   0.01058  0.005225   0.05291        98       320    0.7957    0.6821    0.7267    0.3599    0.0345   0.01343  0.003898
   374/499     1.03G   0.03784     0.012  0.005247   0.05509       115       320    0.7777    0.6935    0.7262    0.3596   0.03444    0.0134  0.003875
   375/499     1.03G   0.03699   0.01144  0.004673    0.0531       102       320    0.8188    0.6734    0.7289    0.3575   0.03457   0.01343  0.003866
   376/499     1.03G   0.03747   0.01116  0.004202   0.05283        84       320    0.7655    0.7034    0.7326    0.3581   0.03452   0.01344  0.003864
   377/499     1.03G   0.03699   0.01158  0.004553   0.05312       105       320    0.7555    0.6999    0.7289    0.3605   0.03461   0.01346  0.003857
   378/499     1.03G   0.03678   0.01102  0.004466   0.05226        97       320    0.8048    0.6778    0.7302    0.3575   0.03463   0.01345  0.003841
   379/499     1.03G   0.03683   0.01105   0.00411   0.05199        81       320    0.8058    0.6782    0.7241    0.3536   0.03491   0.01348  0.003854
   380/499     1.03G    0.0374    0.0114  0.004448   0.05325       118       320    0.8375    0.6572    0.7293    0.3516   0.03511    0.0135   0.00386
   381/499     1.03G   0.03503   0.01056  0.004423   0.05001        90       320    0.7845    0.6917     0.731    0.3544   0.03479   0.01343   0.00384
   382/499     1.03G   0.03712   0.01184  0.005413   0.05437        84       320    0.8443    0.6526    0.7238    0.3552   0.03456   0.01341  0.003813
   383/499     1.03G   0.03659   0.01166  0.004459   0.05271        89       320    0.8057    0.6716     0.726    0.3517   0.03454   0.01341    0.0038
   384/499     1.03G   0.03756     0.011  0.004802   0.05337        84       320    0.7996    0.6772    0.7276    0.3596    0.0345   0.01343  0.003803
   385/499     1.03G   0.03699   0.01108   0.00398   0.05205       102       320    0.7882    0.6836    0.7264    0.3619   0.03457   0.01339  0.003799
   386/499     1.03G   0.03732   0.01148  0.004318   0.05312        75       320    0.7887    0.6922    0.7278     0.365   0.03444   0.01335  0.003781
   387/499     1.03G    0.0375    0.0123   0.00542   0.05522       108       320    0.7858    0.6913    0.7259    0.3646   0.03466   0.01336   0.00377
   388/499     1.03G   0.03709   0.01129  0.004474   0.05286       116       320    0.7507    0.7054    0.7249    0.3595   0.03464   0.01338  0.003746
   389/499     1.03G   0.03626   0.01194  0.004286   0.05248        98       320    0.7612     0.689    0.7213    0.3559   0.03451   0.01342  0.003745
   390/499     1.03G   0.03621    0.0112   0.00393   0.05134       122       320    0.7663    0.6972    0.7301    0.3602    0.0343   0.01345  0.003739
   391/499     1.03G   0.03591   0.01059  0.004044   0.05054        97       320    0.7696    0.6953    0.7288    0.3594   0.03427    0.0134  0.003726
   392/499     1.03G   0.03705   0.01134  0.004507    0.0529        79       320    0.7859    0.6912    0.7323    0.3596   0.03427   0.01335  0.003716
   393/499     1.03G   0.03692   0.01096   0.00516   0.05305       116       320    0.7899    0.6847    0.7252    0.3589   0.03426   0.01335  0.003705
   394/499     1.03G   0.03778   0.01162  0.004577   0.05398        93       320    0.7809    0.6926    0.7289    0.3533   0.03418   0.01336  0.003694
   395/499     1.03G    0.0369   0.01175  0.004145   0.05279       113       320    0.7752    0.6882    0.7285    0.3562   0.03425   0.01338  0.003687
   396/499     1.03G   0.03888   0.01155  0.005104   0.05554        93       320    0.7806    0.6857    0.7307    0.3614   0.03425   0.01336  0.003693
   397/499     1.03G    0.0362    0.0115  0.005669   0.05337        93       320    0.7813    0.6826    0.7315    0.3626   0.03432   0.01335  0.003703
   398/499     1.03G   0.03713   0.01159  0.004985    0.0537       102       320    0.7983    0.6725    0.7341    0.3644   0.03421   0.01331  0.003708
   399/499     1.03G   0.03692   0.01169  0.004578   0.05319       107       320    0.8487    0.6455     0.734    0.3618   0.03409   0.01332  0.003692
   400/499     1.03G    0.0347   0.01112   0.00444   0.05026        88       320    0.7805    0.6738    0.7325    0.3638   0.03418   0.01329  0.003674
   401/499     1.03G   0.03619    0.0111     0.005    0.0523        83       320    0.7695    0.6824    0.7289    0.3664   0.03412   0.01327  0.003656
   402/499     1.03G   0.03668   0.01113  0.005024   0.05284        89       320    0.8228    0.6621    0.7348    0.3627   0.03416   0.01324  0.003615
   403/499     1.03G   0.03677   0.01108   0.00402   0.05187        97       320    0.7991    0.6772    0.7321    0.3608    0.0342   0.01323  0.003581
   404/499     1.03G   0.03649   0.01132  0.004302   0.05212       107       320    0.8311    0.6644    0.7356    0.3665   0.03407   0.01323  0.003559
   405/499     1.03G   0.03647   0.01124  0.004374   0.05208       104       320    0.8429    0.6593    0.7365    0.3672   0.03411   0.01325  0.003548
   406/499     1.03G   0.03582    0.0116  0.004256   0.05167        81       320    0.7794    0.6918    0.7327     0.368   0.03407   0.01328  0.003543
   407/499     1.03G   0.03727    0.0118  0.004235    0.0533       146       320    0.8106    0.6695    0.7329    0.3666   0.03398   0.01327  0.003544
   408/499     1.03G   0.03867   0.01176  0.004598   0.05503       123       320    0.8018    0.6805    0.7276    0.3631   0.03394   0.01323   0.00354
   409/499     1.03G   0.03711    0.0121  0.004338   0.05355       129       320    0.7547    0.7187    0.7335    0.3672   0.03395   0.01324  0.003538
   410/499     1.03G   0.03665   0.01069  0.004502   0.05184        74       320    0.8062    0.6817     0.737    0.3726   0.03404   0.01324  0.003517
   411/499     1.03G   0.03664   0.01156  0.004653   0.05285       107       320    0.8089    0.6787    0.7362    0.3703   0.03387    0.0132    0.0035
   412/499     1.03G   0.03688    0.0112  0.004158   0.05223       140       320     0.835    0.6613    0.7365     0.371   0.03389   0.01318   0.00348
   413/499     1.03G   0.03616   0.01147   0.00384   0.05147        99       320    0.7821    0.6886    0.7338    0.3691   0.03387   0.01319  0.003472
   414/499     1.03G    0.0353   0.01107  0.004244   0.05061       107       320    0.8336    0.6618     0.733    0.3679     0.034   0.01321  0.003468
   415/499     1.03G    0.0352   0.01132  0.003478   0.04999       120       320    0.8764    0.6467    0.7352     0.368   0.03388   0.01319  0.003462
   416/499     1.03G   0.03617   0.01059  0.005186   0.05195        78       320    0.8565    0.6531    0.7338    0.3686   0.03389   0.01319  0.003453
   417/499     1.03G   0.03541   0.01142  0.004401   0.05123       101       320    0.8157    0.6776    0.7392    0.3716   0.03419   0.01321   0.00345
   418/499     1.03G    0.0373   0.01143  0.003884   0.05262       106       320    0.8101     0.676    0.7324    0.3657    0.0339   0.01318  0.003449
   419/499     1.03G   0.03513   0.01086  0.004295   0.05028        79       320    0.8062    0.6807     0.732    0.3635   0.03399   0.01319  0.003453
   420/499     1.03G   0.03726   0.01129   0.00569   0.05424       105       320    0.8351    0.6634    0.7343    0.3641   0.03405   0.01318  0.003464
   421/499     1.03G   0.03627   0.01192  0.004616    0.0528        98       320    0.8254    0.6706     0.735    0.3667   0.03394   0.01319  0.003456
   422/499     1.03G   0.03572   0.01135  0.004332   0.05141       117       320    0.8232    0.6632    0.7302    0.3658   0.03381   0.01323  0.003438
   423/499     1.03G   0.03588   0.01119  0.004484   0.05156       118       320    0.8014    0.6755    0.7299    0.3673   0.03379   0.01324  0.003423
   424/499     1.03G   0.03785   0.01219  0.004993   0.05504        99       320    0.8276    0.6737    0.7383    0.3689   0.03376   0.01322   0.00339
   425/499     1.03G   0.03653   0.01084    0.0041   0.05147        90       320     0.822    0.6757    0.7403    0.3707   0.03382   0.01323  0.003374
   426/499     1.03G   0.03662   0.01079  0.004216   0.05162       103       320    0.8562    0.6542    0.7381    0.3715   0.03396   0.01327  0.003365
   427/499     1.03G   0.03715    0.0113  0.004308   0.05276        97       320    0.7924    0.6931    0.7383    0.3709   0.03416   0.01329  0.003368
   428/499     1.03G   0.03653   0.01119     0.004   0.05171        96       320    0.7979    0.6923    0.7351    0.3692   0.03401   0.01329  0.003378
   429/499     1.03G   0.03606   0.01161  0.004118   0.05178       111       320    0.7981    0.6961    0.7372     0.371   0.03391   0.01326  0.003375
   430/499     1.03G    0.0363   0.01061  0.004109   0.05102       105       320     0.797    0.7009    0.7434    0.3739   0.03408   0.01324  0.003367
   431/499     1.03G   0.03586    0.0115  0.004442    0.0518        93       320    0.7964    0.6955    0.7401    0.3744   0.03394   0.01321  0.003356
   432/499     1.03G   0.03462   0.01097  0.004046   0.04964        98       320    0.7981    0.6921    0.7381    0.3675   0.03379   0.01318  0.003338
   433/499     1.03G   0.03615   0.01159  0.003553    0.0513       121       320    0.8042     0.679      0.73    0.3658   0.03374   0.01318  0.003321
   434/499     1.03G   0.03642   0.01129  0.004313   0.05203       114       320     0.824    0.6782    0.7322    0.3762   0.03367   0.01318  0.003299
   435/499     1.03G    0.0358   0.01057  0.004176   0.05055        91       320    0.8261    0.6762    0.7401    0.3778   0.03356   0.01318  0.003287
   436/499     1.03G   0.03561   0.01127  0.004892   0.05177       105       320    0.8236    0.6725    0.7393    0.3786   0.03361   0.01317  0.003286
   437/499     1.03G   0.03653   0.01113   0.00448   0.05214        77       320    0.7797    0.6985    0.7387    0.3739   0.03349   0.01315   0.00328
   438/499     1.03G   0.03616   0.01109  0.004817   0.05207        92       320    0.7905    0.6946    0.7401    0.3781   0.03351   0.01316  0.003277
   439/499     1.03G   0.03524   0.01184  0.003561   0.05064       115       320    0.7955    0.7015    0.7405    0.3746   0.03357   0.01316  0.003273
   440/499     1.03G   0.03604   0.01086  0.004126   0.05103       105       320    0.7927    0.6978    0.7398    0.3735   0.03364   0.01319  0.003257
   441/499     1.03G   0.03676   0.01149  0.004268   0.05252        91       320    0.7895    0.6989    0.7427    0.3765   0.03358   0.01319  0.003248
   442/499     1.03G   0.03565   0.01125  0.004071   0.05097       111       320    0.7853    0.7044     0.749    0.3734   0.03363   0.01323  0.003241
   443/499     1.03G   0.03616   0.01088  0.004291   0.05132       100       320      0.84    0.6706    0.7448    0.3766    0.0336   0.01325  0.003238
   444/499     1.03G   0.03585   0.01174  0.005114    0.0527        89       320    0.8411    0.6776    0.7454    0.3762   0.03356   0.01322  0.003237
   445/499     1.03G    0.0366   0.01102  0.004773   0.05239        70       320    0.8378    0.6762    0.7414    0.3777   0.03347   0.01317  0.003232
   446/499     1.03G   0.03548   0.01129  0.004694   0.05147        92       320    0.8414     0.679    0.7431    0.3758    0.0336   0.01318  0.003234
   447/499     1.03G   0.03587   0.01154  0.004107   0.05151        89       320    0.8414    0.6764    0.7361    0.3728   0.03356   0.01317  0.003227
   448/499     1.03G   0.03559   0.01124  0.003595   0.05043        90       320    0.8273    0.6808    0.7397    0.3763   0.03345   0.01315  0.003226
   449/499     1.03G   0.03485   0.01084  0.004258   0.04995        86       320    0.8262    0.6779    0.7401    0.3784   0.03333   0.01312  0.003222
   450/499     1.03G   0.03445   0.01105  0.003473   0.04897        88       320    0.8246    0.6769    0.7347    0.3771   0.03342   0.01309  0.003216
   451/499     1.03G   0.03611   0.01227  0.003688   0.05207       101       320    0.7974    0.7002    0.7423    0.3803   0.03333   0.01307  0.003201
   452/499     1.03G   0.03498   0.01111  0.004489   0.05058        90       320    0.8046    0.6925    0.7363    0.3761    0.0335   0.01309  0.003192
   453/499     1.03G   0.03583   0.01266  0.003897   0.05239        98       320    0.7916    0.6953     0.741    0.3805   0.03351    0.0131   0.00318
   454/499     1.03G   0.03663   0.01141  0.003512   0.05155        81       320    0.7657    0.7017    0.7326    0.3752    0.0336   0.01312  0.003173
   455/499     1.03G   0.03507   0.01102  0.004329   0.05042        82       320    0.8341    0.6708    0.7404    0.3746   0.03358   0.01312  0.003172
   456/499     1.03G   0.03523    0.0106   0.00356   0.04939        92       320    0.8357    0.6779    0.7409    0.3774   0.03366   0.01311   0.00318
   457/499     1.03G   0.03543   0.01108  0.003686    0.0502        92       320    0.8311    0.6822    0.7427     0.381    0.0337   0.01312  0.003194
   458/499     1.03G    0.0363   0.01109  0.004479   0.05187       150       320    0.8213    0.6813    0.7388    0.3789   0.03348   0.01311  0.003188
   459/499     1.03G   0.03619    0.0114  0.003853   0.05144        95       320    0.8216    0.6769    0.7391    0.3752   0.03347   0.01311  0.003177
   460/499     1.03G   0.03523   0.01138  0.003811   0.05042        95       320    0.8158    0.6866      0.74    0.3752   0.03347   0.01313  0.003154
   461/499     1.03G   0.03595   0.01178  0.004019   0.05176       113       320    0.7889    0.7038    0.7449    0.3793   0.03328   0.01311  0.003142
   462/499     1.03G   0.03488    0.0104  0.003793   0.04908        89       320    0.8313     0.672    0.7434    0.3805   0.03328   0.01308  0.003136
   463/499     1.03G   0.03532   0.01078  0.003681   0.04978       101       320    0.8473    0.6663     0.746    0.3819   0.03334   0.01306  0.003136
   464/499     1.03G   0.03478   0.01094  0.003651   0.04938        80       320    0.8064    0.6897    0.7461    0.3855   0.03335   0.01304  0.003142
   465/499     1.03G     0.036   0.01135  0.003971   0.05131       129       320    0.8508    0.6664    0.7469    0.3909   0.03334   0.01306  0.003143
   466/499     1.03G    0.0344   0.01052  0.003494   0.04842        86       320    0.8456    0.6733    0.7464    0.3869   0.03341    0.0131  0.003141
   467/499     1.03G    0.0363   0.01106  0.004109   0.05147        95       320    0.8435    0.6704    0.7437    0.3832   0.03343   0.01311  0.003136
   468/499     1.03G   0.03491   0.01045  0.003467   0.04883        97       320    0.8149    0.6851    0.7435    0.3794   0.03333   0.01313  0.003136
   469/499     1.03G   0.03729   0.01201   0.00438   0.05368       102       320     0.829    0.6812    0.7429    0.3812    0.0333   0.01313  0.003131
   470/499     1.03G   0.03644   0.01119  0.004115   0.05174        93       320    0.8384    0.6828    0.7487    0.3827   0.03329   0.01313  0.003134
   471/499     1.03G   0.03522   0.01154  0.003618   0.05037        95       320    0.8319    0.6842    0.7458    0.3886   0.03324   0.01311  0.003123
   472/499     1.03G   0.03477   0.01087  0.003882   0.04953       107       320    0.8421    0.6804    0.7447    0.3855   0.03331   0.01309  0.003114
   473/499     1.03G   0.03551   0.01098  0.004064   0.05056        87       320    0.8416    0.6851    0.7441    0.3832   0.03327   0.01306  0.003108
   474/499     1.03G   0.03566   0.01115  0.003737   0.05054        95       320    0.8492    0.6795    0.7455    0.3851   0.03324   0.01304  0.003104
   475/499     1.03G   0.03653   0.01183  0.004046    0.0524       105       320    0.8368    0.6773    0.7475    0.3852   0.03328   0.01305  0.003085
   476/499     1.03G   0.03415   0.01089  0.003287   0.04832       115       320    0.8192     0.679    0.7347    0.3814   0.03329   0.01308  0.003061
   477/499     1.03G   0.03548   0.01077   0.00396   0.05021        77       320     0.826    0.6735    0.7416    0.3802    0.0333   0.01307  0.003052
   478/499     1.03G   0.03557   0.01081  0.003721   0.05011        77       320    0.8033     0.695    0.7466     0.381   0.03328   0.01304  0.003046
   479/499     1.03G   0.03603   0.01217  0.004525   0.05272        95       320     0.807    0.6883    0.7398    0.3834    0.0332   0.01305  0.003047
   480/499     1.03G    0.0351   0.01066   0.00358   0.04934       105       320    0.7804    0.7077    0.7362    0.3855   0.03322   0.01303   0.00305
   481/499     1.03G   0.03503   0.01104  0.004108   0.05018        91       320    0.7797    0.7086    0.7369     0.382   0.03315   0.01302  0.003057
   482/499     1.03G   0.03568   0.01094  0.003708   0.05033        87       320    0.8382    0.6851    0.7483    0.3808   0.03315   0.01301   0.00306
   483/499     1.03G   0.03583   0.01075  0.003643   0.05023        92       320    0.7935    0.7156    0.7496    0.3815   0.03311     0.013  0.003052
   484/499     1.03G   0.03501   0.01115  0.003583   0.04974       132       320    0.7875    0.7155    0.7485    0.3829   0.03312     0.013  0.003036
   485/499     1.03G     0.036   0.01101  0.004021   0.05104        83       320    0.7907    0.7043    0.7504    0.3796   0.03321   0.01301  0.003032
   486/499     1.03G   0.03496   0.01132  0.003555   0.04984       108       320    0.8182    0.6927     0.753    0.3804   0.03329   0.01305  0.003031
   487/499     1.03G   0.03539   0.01061  0.003987   0.04999        84       320    0.8107     0.694    0.7498    0.3802   0.03313   0.01303  0.003022
   488/499     1.03G   0.03692   0.01127  0.004173   0.05236       119       320    0.8264    0.6802    0.7478    0.3796   0.03315   0.01306  0.003006
   489/499     1.03G    0.0359   0.01069  0.003884   0.05048        98       320    0.8373    0.6757    0.7476    0.3821   0.03305   0.01304  0.002996
   490/499     1.03G   0.03526  0.009986  0.004242   0.04949       102       320    0.8251    0.6816    0.7456    0.3863   0.03308   0.01301  0.002991
   491/499     1.03G   0.03631   0.01101  0.003796   0.05111       108       320    0.8111    0.6975    0.7487    0.3872   0.03304   0.01298  0.002989
   492/499     1.03G   0.03483   0.01084  0.003502   0.04917        88       320    0.8075    0.6958    0.7452    0.3819   0.03305   0.01298  0.002985
   493/499     1.03G   0.03679   0.01113  0.004616   0.05253        86       320    0.8045    0.6953    0.7437    0.3813   0.03305   0.01298  0.002994
   494/499     1.03G   0.03502   0.01116  0.004134   0.05031       112       320    0.8064    0.6859    0.7433    0.3831   0.03298   0.01298  0.003006
   495/499     1.03G   0.03601     0.011  0.003608   0.05063       103       320    0.8087    0.6913    0.7443    0.3848   0.03302   0.01301  0.003012
   496/499     1.03G   0.03613   0.01083  0.004261   0.05122       104       320     0.814    0.6791    0.7397    0.3839   0.03306   0.01302  0.003012
   497/499     1.03G   0.03505   0.01071  0.003561   0.04933        80       320    0.8116    0.6814    0.7405     0.379   0.03313   0.01301  0.002996
   498/499     1.03G   0.03455   0.01069  0.003678   0.04891       116       320      0.82    0.6778    0.7366    0.3843   0.03322   0.01299  0.002971
   499/499     1.03G   0.03485   0.01051  0.004046   0.04941        97       320    0.8292    0.6797    0.7401    0.3844   0.03317   0.01296  0.002954
